State		Hurstic Distance		Level
[[2, 8, 3], [1, 6, 4], [7, 0, 5]] => 16 => 0
[[2, 8, 3], [1, 0, 4], [7, 6, 5]] => 14 => 1
[[2, 8, 3], [1, 4, 0], [7, 6, 5]] => 16 => 2
[[2, 8, 0], [1, 4, 3], [7, 6, 5]] => 14 => 3
TOOK PREV LEVEL
[[2, 8, 3], [1, 6, 4], [7, 5, 0]] => 16 => 1
[[2, 0, 8], [1, 4, 3], [7, 6, 5]] => 17 => 4
[[0, 2, 8], [1, 4, 3], [7, 6, 5]] => 17 => 5
[[1, 2, 8], [0, 4, 3], [7, 6, 5]] => 15 => 6
[[1, 2, 8], [4, 0, 3], [7, 6, 5]] => 15 => 7
TOOK PREV LEVEL
[[1, 2, 8], [7, 4, 3], [0, 6, 5]] => 17 => 7
TOOK PREV LEVEL
[[2, 4, 8], [1, 0, 3], [7, 6, 5]] => 17 => 5
TOOK PREV LEVEL
[[2, 8, 3], [1, 4, 5], [7, 6, 0]] => 17 => 3
[[2, 8, 3], [1, 4, 5], [7, 0, 6]] => 15 => 4
[[2, 8, 3], [1, 0, 5], [7, 4, 6]] => 15 => 5
[[2, 8, 3], [1, 4, 5], [0, 7, 6]] => 17 => 5
TOOK PREV LEVEL
[[2, 8, 3], [1, 6, 0], [7, 5, 4]] => 17 => 2
[[2, 8, 0], [1, 6, 3], [7, 5, 4]] => 15 => 3
[[2, 8, 3], [1, 0, 6], [7, 5, 4]] => 15 => 3
TOOK PREV LEVEL
[[2, 0, 3], [1, 8, 4], [7, 6, 5]] => 18 => 2
[[0, 2, 3], [1, 8, 4], [7, 6, 5]] => 18 => 3
[[1, 2, 3], [0, 8, 4], [7, 6, 5]] => 16 => 4
[[1, 2, 3], [8, 0, 4], [7, 6, 5]] => 13 => 5
[[1, 2, 3], [8, 4, 0], [7, 6, 5]] => 15 => 6
[[1, 2, 0], [8, 4, 3], [7, 6, 5]] => 13 => 7
[[1, 2, 3], [8, 4, 5], [7, 6, 0]] => 16 => 7
[[1, 2, 3], [8, 4, 5], [7, 0, 6]] => 14 => 8
[[1, 2, 3], [8, 0, 5], [7, 4, 6]] => 14 => 9
[[1, 2, 3], [8, 4, 5], [0, 7, 6]] => 16 => 9
TOOK PREV LEVEL
[[1, 0, 2], [8, 4, 3], [7, 6, 5]] => 17 => 8
TOOK PREV LEVEL
TOOK PREV LEVEL
[[1, 2, 3], [8, 6, 4], [7, 0, 5]] => 17 => 6
[[1, 2, 3], [8, 6, 4], [7, 5, 0]] => 17 => 7
[[1, 4, 2], [8, 0, 3], [7, 6, 5]] => 17 => 9
TOOK PREV LEVEL
[[1, 0, 3], [8, 2, 4], [7, 6, 5]] => 18 => 6
TOOK PREV LEVEL
TOOK PREV LEVEL
[[1, 2, 3], [7, 8, 4], [0, 6, 5]] => 18 => 5
[[1, 2, 3], [8, 5, 0], [7, 4, 6]] => 18 => 10
[[1, 2, 0], [8, 5, 3], [7, 4, 6]] => 16 => 11
TOOK PREV LEVEL
[[1, 2, 3], [8, 6, 0], [7, 5, 4]] => 18 => 8
[[1, 2, 0], [8, 6, 3], [7, 5, 4]] => 16 => 9
[[1, 2, 3], [8, 0, 6], [7, 5, 4]] => 16 => 9
TOOK PREV LEVEL
[[2, 0, 8], [1, 6, 3], [7, 5, 4]] => 18 => 4
[[0, 2, 8], [1, 6, 3], [7, 5, 4]] => 18 => 5
[[1, 2, 8], [0, 6, 3], [7, 5, 4]] => 16 => 6
[[1, 2, 8], [6, 0, 3], [7, 5, 4]] => 16 => 7
TOOK PREV LEVEL
[[1, 2, 8], [7, 6, 3], [0, 5, 4]] => 18 => 7
TOOK PREV LEVEL
[[2, 6, 8], [1, 0, 3], [7, 5, 4]] => 18 => 5
TOOK PREV LEVEL
[[2, 8, 3], [0, 1, 4], [7, 6, 5]] => 18 => 2
TOOK PREV LEVEL
[[2, 8, 3], [1, 6, 4], [0, 7, 5]] => 18 => 1
TOOK PREV LEVEL
[[0, 8, 3], [2, 1, 4], [7, 6, 5]] => 19 => 3
[[1, 0, 3], [8, 2, 5], [7, 4, 6]] => 19 => 10
TOOK PREV LEVEL
[[1, 2, 3], [0, 8, 5], [7, 4, 6]] => 19 => 10
TOOK PREV LEVEL
[[1, 2, 3], [8, 6, 4], [0, 7, 5]] => 19 => 7
TOOK PREV LEVEL
[[1, 2, 8], [4, 6, 3], [7, 0, 5]] => 19 => 8
[[1, 2, 8], [4, 6, 3], [7, 5, 0]] => 19 => 9
TOOK PREV LEVEL
[[1, 3, 0], [8, 2, 4], [7, 6, 5]] => 19 => 7
[[1, 3, 4], [8, 2, 0], [7, 6, 5]] => 19 => 8
[[1, 3, 4], [8, 0, 2], [7, 6, 5]] => 19 => 9
TOOK PREV LEVEL
[[2, 0, 3], [1, 8, 5], [7, 4, 6]] => 19 => 6
[[0, 2, 3], [1, 8, 5], [7, 4, 6]] => 19 => 7
TOOK PREV LEVEL
[[2, 0, 3], [1, 8, 6], [7, 5, 4]] => 19 => 4
[[0, 2, 3], [1, 8, 6], [7, 5, 4]] => 19 => 5
[[1, 2, 3], [0, 8, 6], [7, 5, 4]] => 17 => 6
[[1, 2, 3], [7, 8, 6], [0, 5, 4]] => 19 => 7
TOOK PREV LEVEL
TOOK PREV LEVEL
[[2, 3, 0], [1, 8, 4], [7, 6, 5]] => 19 => 3
[[2, 3, 4], [1, 8, 0], [7, 6, 5]] => 19 => 4
[[2, 3, 4], [1, 0, 8], [7, 6, 5]] => 19 => 5
[[2, 8, 3], [0, 1, 5], [7, 4, 6]] => 19 => 6
TOOK PREV LEVEL
[[2, 8, 3], [0, 1, 6], [7, 5, 4]] => 19 => 4
[[2, 8, 3], [1, 5, 0], [7, 4, 6]] => 19 => 6
[[2, 8, 0], [1, 5, 3], [7, 4, 6]] => 17 => 7
TOOK PREV LEVEL
[[0, 8, 3], [2, 1, 5], [7, 4, 6]] => 20 => 7
TOOK PREV LEVEL
[[0, 8, 3], [2, 1, 6], [7, 5, 4]] => 20 => 5
[[1, 0, 2], [8, 5, 3], [7, 4, 6]] => 20 => 12
TOOK PREV LEVEL
[[1, 0, 2], [8, 6, 3], [7, 5, 4]] => 20 => 10
TOOK PREV LEVEL
[[1, 0, 8], [4, 2, 3], [7, 6, 5]] => 20 => 8
[[1, 8, 0], [4, 2, 3], [7, 6, 5]] => 19 => 9
[[1, 2, 3], [0, 4, 5], [8, 7, 6]] => 20 => 10
[[1, 2, 3], [4, 0, 5], [8, 7, 6]] => 20 => 11
TOOK PREV LEVEL
TOOK PREV LEVEL
[[1, 2, 8], [4, 3, 0], [7, 6, 5]] => 20 => 8
TOOK PREV LEVEL
[[1, 2, 8], [7, 4, 3], [6, 0, 5]] => 20 => 8
[[1, 2, 8], [7, 0, 3], [6, 4, 5]] => 20 => 9
[[1, 2, 8], [7, 4, 3], [6, 5, 0]] => 20 => 9
[[1, 3, 0], [8, 2, 5], [7, 4, 6]] => 20 => 11
TOOK PREV LEVEL
[[1, 3, 4], [8, 2, 5], [7, 6, 0]] => 20 => 9
[[1, 3, 4], [8, 2, 5], [7, 0, 6]] => 18 => 10
[[1, 3, 4], [8, 0, 5], [7, 2, 6]] => 18 => 11
[[1, 0, 4], [8, 3, 5], [7, 2, 6]] => 20 => 12
TOOK PREV LEVEL
[[1, 3, 4], [8, 2, 5], [0, 7, 6]] => 20 => 11
[[1, 5, 2], [8, 0, 3], [7, 4, 6]] => 20 => 13
TOOK PREV LEVEL
[[1, 6, 2], [8, 0, 3], [7, 5, 4]] => 20 => 11
TOOK PREV LEVEL
[[2, 0, 8], [1, 5, 3], [7, 4, 6]] => 20 => 8
[[0, 2, 8], [1, 5, 3], [7, 4, 6]] => 20 => 9
[[1, 2, 8], [0, 5, 3], [7, 4, 6]] => 18 => 10
[[1, 2, 8], [5, 0, 3], [7, 4, 6]] => 18 => 11
[[1, 2, 8], [5, 4, 3], [7, 0, 6]] => 20 => 12
TOOK PREV LEVEL
[[1, 2, 8], [7, 5, 3], [0, 4, 6]] => 20 => 11
TOOK PREV LEVEL
[[2, 3, 0], [1, 8, 5], [7, 4, 6]] => 20 => 7
TOOK PREV LEVEL
[[2, 3, 0], [1, 8, 6], [7, 5, 4]] => 20 => 5
[[2, 3, 4], [1, 8, 5], [7, 6, 0]] => 20 => 5
[[2, 3, 4], [1, 8, 5], [7, 0, 6]] => 18 => 6
[[2, 3, 4], [1, 0, 5], [7, 8, 6]] => 18 => 7
[[2, 0, 4], [1, 3, 5], [7, 8, 6]] => 20 => 8
[[0, 2, 4], [1, 3, 5], [7, 8, 6]] => 20 => 9
[[1, 2, 4], [0, 3, 5], [7, 8, 6]] => 18 => 10
[[1, 2, 4], [3, 0, 5], [7, 8, 6]] => 18 => 11
[[1, 2, 4], [3, 8, 5], [7, 0, 6]] => 20 => 12
TOOK PREV LEVEL
[[1, 2, 4], [7, 3, 5], [0, 8, 6]] => 20 => 11
TOOK PREV LEVEL
TOOK PREV LEVEL
[[2, 3, 4], [1, 8, 5], [0, 7, 6]] => 20 => 7
[[2, 5, 8], [1, 0, 3], [7, 4, 6]] => 20 => 9
TOOK PREV LEVEL
[[2, 8, 3], [0, 4, 5], [1, 7, 6]] => 20 => 6
TOOK PREV LEVEL
[[2, 8, 3], [1, 5, 6], [7, 0, 4]] => 20 => 4
[[2, 8, 3], [4, 0, 5], [1, 7, 6]] => 20 => 7
TOOK PREV LEVEL
[[2, 8, 3], [7, 1, 4], [0, 6, 5]] => 20 => 3
[[8, 0, 3], [2, 1, 4], [7, 6, 5]] => 20 => 4
[[8, 1, 3], [2, 0, 4], [7, 6, 5]] => 18 => 5
[[8, 1, 3], [2, 4, 0], [7, 6, 5]] => 20 => 6
[[8, 1, 0], [2, 4, 3], [7, 6, 5]] => 18 => 7
[[0, 1, 2], [8, 4, 3], [7, 6, 5]] => 21 => 9
TOOK PREV LEVEL
TOOK PREV LEVEL
[[0, 8, 3], [2, 4, 5], [1, 7, 6]] => 21 => 7
TOOK PREV LEVEL
[[1, 0, 3], [8, 2, 6], [7, 5, 4]] => 21 => 10
TOOK PREV LEVEL
[[1, 0, 4], [8, 3, 2], [7, 6, 5]] => 21 => 10
TOOK PREV LEVEL
[[1, 0, 8], [6, 2, 3], [7, 5, 4]] => 21 => 8
[[1, 8, 0], [6, 2, 3], [7, 5, 4]] => 20 => 9
[[1, 2, 0], [4, 3, 8], [7, 6, 5]] => 21 => 9
TOOK PREV LEVEL
[[1, 2, 3], [7, 8, 4], [6, 0, 5]] => 21 => 6
[[1, 2, 3], [7, 0, 4], [6, 8, 5]] => 21 => 7
[[1, 2, 3], [7, 8, 4], [6, 5, 0]] => 21 => 7
[[1, 2, 3], [7, 8, 5], [0, 4, 6]] => 21 => 11
TOOK PREV LEVEL
[[1, 2, 3], [8, 5, 6], [7, 0, 4]] => 21 => 10
[[1, 2, 4], [7, 3, 5], [8, 0, 6]] => 21 => 12
[[1, 2, 4], [7, 0, 5], [8, 3, 6]] => 19 => 13
[[1, 2, 4], [0, 7, 5], [8, 3, 6]] => 21 => 14
[[1, 2, 4], [8, 7, 5], [0, 3, 6]] => 19 => 15
TOOK PREV LEVEL
[[1, 2, 8], [4, 3, 5], [7, 6, 0]] => 21 => 9
[[1, 2, 8], [4, 3, 5], [7, 0, 6]] => 19 => 10
[[1, 2, 8], [4, 0, 5], [7, 3, 6]] => 17 => 11
[[1, 2, 8], [0, 4, 5], [7, 3, 6]] => 19 => 12
TOOK PREV LEVEL
[[1, 2, 8], [4, 3, 5], [0, 7, 6]] => 21 => 11
[[1, 2, 8], [4, 5, 0], [7, 3, 6]] => 21 => 12
TOOK PREV LEVEL
[[1, 2, 8], [4, 6, 0], [7, 5, 3]] => 21 => 10
[[1, 2, 8], [4, 0, 6], [7, 5, 3]] => 19 => 11
[[1, 2, 8], [0, 4, 6], [7, 5, 3]] => 21 => 12
TOOK PREV LEVEL
[[1, 2, 8], [4, 6, 3], [0, 7, 5]] => 21 => 9
TOOK PREV LEVEL
[[1, 2, 8], [6, 3, 0], [7, 5, 4]] => 21 => 8
TOOK PREV LEVEL
[[1, 2, 8], [6, 5, 3], [7, 0, 4]] => 21 => 8
[[1, 2, 8], [7, 4, 5], [0, 3, 6]] => 21 => 13
TOOK PREV LEVEL
[[1, 2, 8], [7, 5, 3], [4, 0, 6]] => 21 => 12
[[1, 2, 8], [7, 0, 3], [4, 5, 6]] => 18 => 13
[[1, 2, 8], [0, 7, 3], [4, 5, 6]] => 20 => 14
[[1, 2, 8], [4, 7, 3], [0, 5, 6]] => 21 => 15
TOOK PREV LEVEL
TOOK PREV LEVEL
[[1, 4, 2], [8, 6, 3], [7, 0, 5]] => 21 => 10
[[1, 4, 2], [8, 6, 3], [7, 5, 0]] => 21 => 11
TOOK PREV LEVEL
TOOK PREV LEVEL
[[2, 0, 4], [1, 3, 8], [7, 6, 5]] => 21 => 6
[[0, 2, 4], [1, 3, 8], [7, 6, 5]] => 21 => 7
[[1, 2, 4], [0, 3, 8], [7, 6, 5]] => 19 => 8
[[1, 2, 4], [3, 0, 8], [7, 6, 5]] => 19 => 9
[[1, 2, 4], [3, 8, 0], [7, 6, 5]] => 21 => 10
TOOK PREV LEVEL
[[1, 2, 4], [7, 3, 8], [0, 6, 5]] => 21 => 9
TOOK PREV LEVEL
TOOK PREV LEVEL
[[2, 4, 8], [0, 1, 3], [7, 6, 5]] => 21 => 6
TOOK PREV LEVEL
[[2, 4, 8], [1, 6, 3], [7, 0, 5]] => 21 => 6
[[2, 4, 8], [1, 6, 3], [7, 5, 0]] => 21 => 7
TOOK PREV LEVEL
TOOK PREV LEVEL
[[2, 8, 3], [0, 6, 4], [1, 7, 5]] => 21 => 2
TOOK PREV LEVEL
[[2, 8, 3], [1, 5, 6], [7, 4, 0]] => 21 => 5
TOOK PREV LEVEL
[[2, 8, 3], [6, 0, 4], [1, 7, 5]] => 21 => 3
[[2, 8, 3], [7, 1, 5], [0, 4, 6]] => 21 => 7
TOOK PREV LEVEL
[[2, 8, 3], [7, 1, 6], [0, 5, 4]] => 21 => 5
[[8, 0, 1], [2, 4, 3], [7, 6, 5]] => 21 => 8
TOOK PREV LEVEL
[[8, 0, 3], [2, 1, 5], [7, 4, 6]] => 21 => 8
[[8, 1, 3], [2, 0, 5], [7, 4, 6]] => 19 => 9
TOOK PREV LEVEL
[[8, 0, 3], [2, 1, 6], [7, 5, 4]] => 21 => 6
[[8, 1, 3], [2, 0, 6], [7, 5, 4]] => 19 => 7
[[8, 1, 3], [2, 4, 5], [7, 0, 6]] => 21 => 10
TOOK PREV LEVEL
[[8, 1, 3], [2, 4, 5], [7, 6, 0]] => 21 => 7
TOOK PREV LEVEL
[[8, 3, 0], [2, 1, 4], [7, 6, 5]] => 21 => 5
[[8, 3, 4], [2, 1, 0], [7, 6, 5]] => 21 => 6
[[8, 3, 4], [2, 0, 1], [7, 6, 5]] => 21 => 7
[[8, 4, 1], [2, 0, 3], [7, 6, 5]] => 21 => 9
TOOK PREV LEVEL
[[0, 1, 3], [8, 2, 4], [7, 6, 5]] => 22 => 7
TOOK PREV LEVEL
[[0, 4, 8], [2, 1, 3], [7, 6, 5]] => 22 => 7
[[0, 8, 1], [2, 4, 3], [7, 6, 5]] => 22 => 9
TOOK PREV LEVEL
TOOK PREV LEVEL
[[0, 8, 3], [2, 6, 4], [1, 7, 5]] => 22 => 3
TOOK PREV LEVEL
TOOK PREV LEVEL
[[1, 0, 8], [4, 2, 5], [7, 3, 6]] => 22 => 12
[[1, 8, 0], [4, 2, 5], [7, 3, 6]] => 21 => 13
[[1, 2, 0], [4, 5, 8], [7, 3, 6]] => 22 => 13
TOOK PREV LEVEL
[[1, 2, 0], [4, 6, 8], [7, 5, 3]] => 22 => 11
TOOK PREV LEVEL
[[1, 2, 0], [6, 3, 8], [7, 5, 4]] => 22 => 9
[[1, 2, 3], [4, 7, 5], [8, 0, 6]] => 22 => 12
TOOK PREV LEVEL
[[1, 2, 3], [7, 8, 0], [6, 5, 4]] => 22 => 8
[[1, 2, 0], [7, 8, 3], [6, 5, 4]] => 20 => 9
[[1, 2, 3], [7, 0, 8], [6, 5, 4]] => 22 => 9
[[1, 2, 3], [7, 8, 5], [4, 0, 6]] => 22 => 12
[[1, 2, 3], [7, 0, 5], [4, 8, 6]] => 22 => 13
TOOK PREV LEVEL
[[1, 2, 3], [8, 5, 6], [7, 4, 0]] => 22 => 11
TOOK PREV LEVEL
[[1, 2, 4], [3, 5, 0], [7, 8, 6]] => 22 => 12
[[1, 2, 4], [3, 8, 5], [0, 7, 6]] => 22 => 13
TOOK PREV LEVEL
[[1, 2, 4], [3, 8, 5], [7, 6, 0]] => 22 => 11
[[1, 2, 4], [8, 7, 5], [3, 0, 6]] => 22 => 16
[[1, 2, 4], [8, 0, 5], [3, 7, 6]] => 22 => 17
TOOK PREV LEVEL
[[1, 2, 8], [0, 3, 5], [4, 7, 6]] => 22 => 12
TOOK PREV LEVEL
[[1, 2, 8], [0, 6, 3], [4, 7, 5]] => 22 => 10
TOOK PREV LEVEL
[[1, 2, 8], [0, 7, 3], [6, 4, 5]] => 22 => 10
[[1, 2, 8], [3, 0, 5], [4, 7, 6]] => 22 => 13
TOOK PREV LEVEL
[[1, 2, 8], [5, 4, 3], [0, 7, 6]] => 22 => 13
TOOK PREV LEVEL
[[1, 2, 8], [6, 0, 3], [4, 7, 5]] => 22 => 11
TOOK PREV LEVEL
[[1, 2, 8], [6, 3, 4], [7, 5, 0]] => 22 => 9
[[1, 2, 8], [6, 5, 3], [7, 4, 0]] => 22 => 9
TOOK PREV LEVEL
[[1, 2, 8], [7, 4, 0], [6, 5, 3]] => 22 => 10
[[1, 2, 8], [7, 0, 4], [6, 5, 3]] => 22 => 11
TOOK PREV LEVEL
TOOK PREV LEVEL
[[1, 2, 8], [7, 6, 3], [5, 0, 4]] => 22 => 8
[[1, 2, 8], [7, 0, 3], [5, 6, 4]] => 20 => 9
[[1, 2, 8], [0, 7, 3], [5, 6, 4]] => 22 => 10
[[1, 3, 0], [8, 2, 6], [7, 5, 4]] => 22 => 11
[[1, 3, 4], [8, 5, 0], [7, 2, 6]] => 22 => 12
[[1, 4, 0], [8, 3, 5], [7, 2, 6]] => 22 => 13
TOOK PREV LEVEL
[[1, 4, 2], [0, 8, 3], [7, 6, 5]] => 22 => 10
TOOK PREV LEVEL
[[1, 4, 2], [8, 3, 0], [7, 6, 5]] => 22 => 10
[[1, 5, 2], [8, 4, 3], [7, 0, 6]] => 22 => 14
TOOK PREV LEVEL
TOOK PREV LEVEL
[[2, 3, 4], [0, 1, 5], [7, 8, 6]] => 22 => 8
TOOK PREV LEVEL
[[2, 3, 4], [1, 5, 0], [7, 8, 6]] => 22 => 8
TOOK PREV LEVEL
[[2, 4, 0], [1, 3, 5], [7, 8, 6]] => 22 => 9
TOOK PREV LEVEL
[[2, 4, 8], [1, 3, 0], [7, 6, 5]] => 22 => 6
[[2, 5, 8], [1, 4, 3], [7, 0, 6]] => 22 => 10
TOOK PREV LEVEL
[[2, 6, 8], [0, 1, 3], [7, 5, 4]] => 22 => 6
TOOK PREV LEVEL
[[2, 8, 3], [1, 5, 6], [0, 7, 4]] => 22 => 5
[[2, 8, 3], [4, 7, 5], [1, 0, 6]] => 22 => 8
TOOK PREV LEVEL
[[2, 8, 3], [7, 1, 5], [4, 0, 6]] => 22 => 8
[[2, 8, 3], [7, 0, 5], [4, 1, 6]] => 22 => 9
TOOK PREV LEVEL
[[8, 0, 3], [2, 4, 5], [1, 7, 6]] => 22 => 8
TOOK PREV LEVEL
[[8, 1, 3], [0, 2, 4], [7, 6, 5]] => 22 => 6
TOOK PREV LEVEL
[[8, 1, 3], [2, 6, 4], [7, 0, 5]] => 22 => 6
[[8, 1, 3], [2, 6, 4], [7, 5, 0]] => 22 => 7
[[8, 3, 0], [2, 1, 5], [7, 4, 6]] => 22 => 9
TOOK PREV LEVEL
[[8, 3, 0], [2, 1, 6], [7, 5, 4]] => 22 => 7
[[8, 3, 4], [2, 1, 5], [7, 6, 0]] => 22 => 7
[[8, 3, 4], [2, 1, 5], [7, 0, 6]] => 20 => 8
[[8, 3, 4], [2, 0, 5], [7, 1, 6]] => 20 => 9
[[8, 0, 4], [2, 3, 5], [7, 1, 6]] => 22 => 10
TOOK PREV LEVEL
[[8, 3, 4], [2, 1, 5], [0, 7, 6]] => 22 => 9
TOOK PREV LEVEL
[[8, 4, 3], [2, 0, 5], [1, 7, 6]] => 22 => 9
[[0, 1, 3], [8, 2, 5], [7, 4, 6]] => 23 => 11
TOOK PREV LEVEL
TOOK PREV LEVEL
[[0, 2, 8], [1, 4, 5], [7, 3, 6]] => 23 => 13
TOOK PREV LEVEL
[[0, 3, 4], [2, 1, 5], [7, 8, 6]] => 23 => 9
TOOK PREV LEVEL
[[0, 6, 8], [2, 1, 3], [7, 5, 4]] => 23 => 7
[[0, 8, 4], [2, 3, 5], [7, 1, 6]] => 23 => 11
[[1, 0, 4], [3, 2, 5], [7, 8, 6]] => 23 => 12
TOOK PREV LEVEL
[[1, 0, 8], [5, 2, 3], [7, 4, 6]] => 23 => 12
[[1, 8, 0], [5, 2, 3], [7, 4, 6]] => 22 => 13
TOOK PREV LEVEL
[[1, 0, 8], [7, 2, 3], [4, 5, 6]] => 23 => 14
[[1, 8, 0], [7, 2, 3], [4, 5, 6]] => 22 => 15
TOOK PREV LEVEL
[[1, 2, 0], [3, 8, 4], [7, 6, 5]] => 23 => 11
[[1, 2, 0], [7, 4, 8], [6, 5, 3]] => 23 => 11
TOOK PREV LEVEL
[[1, 2, 3], [0, 6, 4], [8, 7, 5]] => 23 => 8
TOOK PREV LEVEL
[[1, 2, 3], [0, 7, 4], [6, 8, 5]] => 23 => 8
[[1, 2, 3], [4, 7, 5], [0, 8, 6]] => 23 => 13
TOOK PREV LEVEL
[[1, 2, 3], [6, 0, 4], [8, 7, 5]] => 23 => 9
TOOK PREV LEVEL
[[1, 2, 3], [7, 4, 0], [6, 8, 5]] => 23 => 8
[[1, 2, 0], [7, 4, 3], [6, 8, 5]] => 21 => 9
TOOK PREV LEVEL
TOOK PREV LEVEL
[[1, 2, 3], [7, 8, 6], [5, 0, 4]] => 23 => 8
[[1, 2, 3], [7, 0, 6], [5, 8, 4]] => 23 => 9
[[1, 2, 3], [8, 5, 6], [0, 7, 4]] => 23 => 11
TOOK PREV LEVEL
[[1, 2, 4], [0, 8, 5], [3, 7, 6]] => 23 => 14
TOOK PREV LEVEL
[[1, 2, 4], [3, 6, 8], [7, 0, 5]] => 23 => 10
[[1, 2, 4], [3, 6, 8], [7, 5, 0]] => 23 => 11
[[1, 2, 4], [7, 5, 0], [8, 3, 6]] => 23 => 14
TOOK PREV LEVEL
[[1, 2, 8], [0, 4, 3], [5, 7, 6]] => 23 => 14
[[1, 2, 8], [4, 0, 3], [5, 7, 6]] => 23 => 15
TOOK PREV LEVEL
TOOK PREV LEVEL
TOOK PREV LEVEL
TOOK PREV LEVEL
[[1, 2, 8], [5, 3, 0], [7, 4, 6]] => 23 => 12
TOOK PREV LEVEL
[[1, 2, 8], [5, 7, 3], [0, 6, 4]] => 23 => 11
TOOK PREV LEVEL
TOOK PREV LEVEL
[[1, 2, 8], [6, 5, 3], [0, 7, 4]] => 23 => 9
[[1, 2, 8], [6, 7, 3], [0, 4, 5]] => 23 => 11
[[1, 2, 8], [7, 3, 0], [4, 5, 6]] => 23 => 14
TOOK PREV LEVEL
[[1, 2, 8], [7, 4, 6], [0, 5, 3]] => 23 => 13
TOOK PREV LEVEL
[[1, 2, 8], [7, 6, 3], [5, 4, 0]] => 23 => 9
[[1, 3, 4], [0, 8, 5], [7, 2, 6]] => 23 => 12
TOOK PREV LEVEL
[[1, 3, 4], [8, 6, 2], [7, 0, 5]] => 23 => 10
[[1, 3, 4], [8, 6, 2], [7, 5, 0]] => 23 => 11
[[1, 3, 5], [8, 2, 0], [7, 4, 6]] => 23 => 12
[[1, 3, 5], [8, 0, 2], [7, 4, 6]] => 23 => 13
TOOK PREV LEVEL
[[1, 4, 0], [8, 3, 2], [7, 6, 5]] => 23 => 11
TOOK PREV LEVEL
[[1, 4, 2], [8, 3, 5], [7, 6, 0]] => 23 => 11
[[1, 4, 2], [8, 3, 5], [7, 0, 6]] => 21 => 12
[[1, 4, 2], [8, 0, 5], [7, 3, 6]] => 19 => 13
[[1, 0, 2], [8, 4, 5], [7, 3, 6]] => 21 => 14
[[1, 2, 0], [8, 4, 5], [7, 3, 6]] => 19 => 15
[[1, 2, 5], [8, 4, 0], [7, 3, 6]] => 22 => 16
[[1, 2, 5], [8, 0, 4], [7, 3, 6]] => 22 => 17
TOOK PREV LEVEL
TOOK PREV LEVEL
[[1, 4, 2], [8, 3, 5], [0, 7, 6]] => 23 => 13
[[1, 4, 2], [8, 5, 0], [7, 3, 6]] => 23 => 14
TOOK PREV LEVEL
[[1, 4, 2], [8, 6, 0], [7, 5, 3]] => 23 => 12
[[1, 4, 2], [8, 0, 6], [7, 5, 3]] => 21 => 13
[[1, 0, 2], [8, 4, 6], [7, 5, 3]] => 23 => 14
[[1, 2, 0], [8, 4, 6], [7, 5, 3]] => 21 => 15
TOOK PREV LEVEL
[[1, 4, 2], [8, 6, 3], [0, 7, 5]] => 23 => 11
TOOK PREV LEVEL
[[1, 8, 3], [4, 2, 0], [7, 6, 5]] => 23 => 10
[[1, 8, 3], [4, 0, 2], [7, 6, 5]] => 23 => 11
TOOK PREV LEVEL
TOOK PREV LEVEL
[[2, 3, 4], [0, 1, 8], [7, 6, 5]] => 23 => 6
[[2, 3, 4], [0, 8, 5], [1, 7, 6]] => 23 => 8
[[2, 3, 4], [8, 0, 5], [1, 7, 6]] => 20 => 9
[[2, 0, 4], [8, 3, 5], [1, 7, 6]] => 22 => 10
[[0, 2, 4], [8, 3, 5], [1, 7, 6]] => 22 => 11
TOOK PREV LEVEL
TOOK PREV LEVEL
[[2, 3, 4], [8, 7, 5], [1, 0, 6]] => 22 => 10
TOOK PREV LEVEL
[[2, 3, 4], [1, 6, 8], [7, 0, 5]] => 23 => 6
[[2, 3, 4], [1, 6, 8], [7, 5, 0]] => 23 => 7
[[2, 3, 4], [8, 7, 5], [0, 1, 6]] => 23 => 11
TOOK PREV LEVEL
[[2, 3, 5], [1, 8, 0], [7, 4, 6]] => 23 => 8
[[2, 3, 5], [1, 0, 8], [7, 4, 6]] => 23 => 9
TOOK PREV LEVEL
[[2, 3, 6], [1, 8, 0], [7, 5, 4]] => 23 => 6
[[2, 3, 6], [1, 0, 8], [7, 5, 4]] => 23 => 7
[[2, 4, 0], [1, 3, 8], [7, 6, 5]] => 23 => 7
TOOK PREV LEVEL
TOOK PREV LEVEL
[[2, 4, 8], [1, 3, 5], [7, 6, 0]] => 23 => 7
[[2, 4, 8], [1, 3, 5], [7, 0, 6]] => 21 => 8
[[2, 4, 8], [1, 0, 5], [7, 3, 6]] => 19 => 9
[[2, 0, 8], [1, 4, 5], [7, 3, 6]] => 21 => 10
[[2, 8, 0], [1, 4, 5], [7, 3, 6]] => 20 => 11
TOOK PREV LEVEL
[[2, 4, 8], [0, 1, 5], [7, 3, 6]] => 23 => 10
TOOK PREV LEVEL
[[2, 4, 8], [1, 3, 5], [0, 7, 6]] => 23 => 9
[[2, 4, 8], [1, 5, 0], [7, 3, 6]] => 23 => 10
TOOK PREV LEVEL
[[2, 4, 8], [1, 6, 0], [7, 5, 3]] => 23 => 8
[[2, 4, 8], [1, 0, 6], [7, 5, 3]] => 21 => 9
[[2, 0, 8], [1, 4, 6], [7, 5, 3]] => 23 => 10
[[2, 8, 0], [1, 4, 6], [7, 5, 3]] => 22 => 11
[[0, 2, 8], [1, 4, 6], [7, 5, 3]] => 23 => 11
TOOK PREV LEVEL
TOOK PREV LEVEL
[[2, 4, 8], [1, 6, 3], [0, 7, 5]] => 23 => 7
TOOK PREV LEVEL
[[2, 4, 8], [7, 1, 3], [0, 6, 5]] => 23 => 7
TOOK PREV LEVEL
[[2, 6, 8], [1, 3, 0], [7, 5, 4]] => 23 => 6
TOOK PREV LEVEL
[[2, 6, 8], [1, 5, 3], [7, 0, 4]] => 23 => 6
[[2, 8, 1], [0, 4, 3], [7, 6, 5]] => 23 => 10
[[2, 8, 1], [4, 0, 3], [7, 6, 5]] => 23 => 11
TOOK PREV LEVEL
[[2, 8, 3], [4, 7, 5], [0, 1, 6]] => 23 => 9
TOOK PREV LEVEL
[[2, 8, 3], [6, 4, 0], [1, 7, 5]] => 23 => 4
[[2, 8, 0], [6, 4, 3], [1, 7, 5]] => 21 => 5
TOOK PREV LEVEL
[[2, 8, 3], [6, 7, 4], [1, 0, 5]] => 23 => 4
[[2, 8, 3], [6, 7, 4], [1, 5, 0]] => 23 => 5
TOOK PREV LEVEL
[[2, 8, 3], [7, 1, 4], [6, 0, 5]] => 23 => 4
[[2, 8, 3], [7, 0, 4], [6, 1, 5]] => 23 => 5
[[2, 8, 3], [7, 1, 4], [6, 5, 0]] => 23 => 5
[[2, 8, 5], [1, 4, 0], [7, 3, 6]] => 23 => 12
[[2, 8, 5], [1, 0, 4], [7, 3, 6]] => 23 => 13
TOOK PREV LEVEL
[[4, 0, 8], [2, 1, 3], [7, 6, 5]] => 23 => 8
[[4, 1, 8], [2, 0, 3], [7, 6, 5]] => 21 => 9
[[4, 8, 0], [2, 1, 3], [7, 6, 5]] => 22 => 9
TOOK PREV LEVEL
TOOK PREV LEVEL
[[8, 0, 3], [2, 6, 4], [1, 7, 5]] => 23 => 4
[[8, 0, 4], [2, 3, 1], [7, 6, 5]] => 23 => 8
[[8, 1, 2], [0, 4, 3], [7, 6, 5]] => 23 => 10
[[8, 1, 2], [4, 0, 3], [7, 6, 5]] => 23 => 11
TOOK PREV LEVEL
[[8, 1, 3], [0, 2, 5], [7, 4, 6]] => 23 => 10
TOOK PREV LEVEL
[[8, 1, 3], [0, 2, 6], [7, 5, 4]] => 23 => 8
[[0, 1, 3], [8, 2, 6], [7, 5, 4]] => 23 => 9
[[8, 1, 3], [2, 4, 5], [0, 7, 6]] => 23 => 11
TOOK PREV LEVEL
[[8, 1, 3], [2, 5, 0], [7, 4, 6]] => 23 => 10
[[8, 1, 0], [2, 5, 3], [7, 4, 6]] => 21 => 11
TOOK PREV LEVEL
[[8, 1, 3], [2, 6, 0], [7, 5, 4]] => 23 => 8
[[8, 1, 0], [2, 6, 3], [7, 5, 4]] => 21 => 9
TOOK PREV LEVEL
TOOK PREV LEVEL
[[8, 3, 0], [2, 4, 5], [1, 7, 6]] => 23 => 9
TOOK PREV LEVEL
TOOK PREV LEVEL
[[8, 6, 3], [2, 0, 4], [1, 7, 5]] => 23 => 5
[[0, 1, 2], [8, 5, 3], [7, 4, 6]] => 24 => 13
TOOK PREV LEVEL
[[0, 1, 2], [8, 6, 3], [7, 5, 4]] => 24 => 11
[[0, 1, 4], [8, 3, 5], [7, 2, 6]] => 24 => 13
TOOK PREV LEVEL
[[0, 1, 8], [4, 2, 3], [7, 6, 5]] => 24 => 9
[[0, 2, 3], [1, 4, 5], [8, 7, 6]] => 24 => 11
[[0, 2, 8], [1, 7, 3], [4, 5, 6]] => 24 => 15
TOOK PREV LEVEL
[[0, 3, 4], [2, 1, 8], [7, 6, 5]] => 24 => 7
[[0, 3, 4], [2, 8, 5], [1, 7, 6]] => 24 => 9
[[0, 4, 8], [2, 1, 5], [7, 3, 6]] => 24 => 11
TOOK PREV LEVEL
[[0, 8, 4], [2, 3, 1], [7, 6, 5]] => 24 => 9
[[1, 0, 2], [7, 8, 3], [6, 5, 4]] => 24 => 10
[[1, 8, 2], [7, 0, 3], [6, 5, 4]] => 22 => 11
TOOK PREV LEVEL
[[1, 0, 4], [3, 2, 8], [7, 6, 5]] => 24 => 10
[[1, 0, 4], [7, 2, 5], [8, 3, 6]] => 24 => 14
TOOK PREV LEVEL
TOOK PREV LEVEL
[[1, 0, 8], [4, 2, 6], [7, 5, 3]] => 24 => 12
[[1, 8, 0], [4, 2, 6], [7, 5, 3]] => 23 => 13
[[1, 2, 0], [3, 5, 4], [7, 8, 6]] => 24 => 13
[[1, 2, 0], [5, 3, 8], [7, 4, 6]] => 24 => 13
[[1, 2, 0], [7, 3, 8], [4, 5, 6]] => 24 => 15
TOOK PREV LEVEL
[[1, 2, 3], [0, 7, 5], [4, 8, 6]] => 24 => 14
TOOK PREV LEVEL
[[1, 2, 3], [0, 7, 8], [6, 5, 4]] => 24 => 10
[[1, 2, 3], [4, 5, 0], [8, 7, 6]] => 24 => 12
[[1, 2, 0], [4, 5, 3], [8, 7, 6]] => 22 => 13
TOOK PREV LEVEL
[[1, 2, 3], [6, 7, 4], [0, 8, 5]] => 24 => 9
TOOK PREV LEVEL
TOOK PREV LEVEL
[[1, 2, 3], [7, 4, 5], [6, 8, 0]] => 24 => 9
TOOK PREV LEVEL
[[1, 2, 3], [7, 8, 6], [5, 4, 0]] => 24 => 9
[[1, 2, 3], [7, 8, 0], [5, 4, 6]] => 22 => 10
[[1, 2, 0], [7, 8, 3], [5, 4, 6]] => 20 => 11
[[1, 2, 3], [7, 0, 8], [5, 4, 6]] => 22 => 11
[[1, 0, 2], [7, 8, 3], [5, 4, 6]] => 24 => 12
[[1, 8, 2], [7, 0, 3], [5, 4, 6]] => 22 => 13
TOOK PREV LEVEL
[[1, 2, 3], [0, 7, 8], [5, 4, 6]] => 24 => 12
TOOK PREV LEVEL
[[1, 2, 3], [7, 4, 8], [5, 0, 6]] => 24 => 12
[[1, 2, 3], [7, 4, 8], [0, 5, 6]] => 22 => 13
[[1, 2, 3], [0, 4, 8], [7, 5, 6]] => 22 => 14
[[1, 2, 3], [4, 0, 8], [7, 5, 6]] => 22 => 15
[[1, 2, 3], [4, 8, 0], [7, 5, 6]] => 24 => 16
[[1, 2, 0], [4, 8, 3], [7, 5, 6]] => 22 => 17
TOOK PREV LEVEL
TOOK PREV LEVEL
TOOK PREV LEVEL
[[1, 2, 4], [3, 6, 0], [7, 5, 8]] => 24 => 12
[[1, 2, 4], [3, 0, 6], [7, 5, 8]] => 22 => 13
[[1, 2, 4], [0, 3, 6], [7, 5, 8]] => 24 => 14
TOOK PREV LEVEL
TOOK PREV LEVEL
[[1, 2, 4], [7, 3, 8], [6, 0, 5]] => 24 => 10
[[1, 2, 4], [7, 0, 8], [6, 3, 5]] => 22 => 11
[[1, 2, 4], [0, 7, 8], [6, 3, 5]] => 24 => 12
TOOK PREV LEVEL
[[1, 2, 4], [7, 3, 8], [6, 5, 0]] => 24 => 11
[[1, 2, 4], [7, 8, 0], [6, 3, 5]] => 24 => 12
TOOK PREV LEVEL
[[1, 2, 6], [8, 4, 0], [7, 5, 3]] => 24 => 16
[[1, 2, 6], [8, 0, 4], [7, 5, 3]] => 24 => 17
[[1, 2, 6], [8, 4, 3], [7, 5, 0]] => 24 => 17
TOOK PREV LEVEL
TOOK PREV LEVEL
[[1, 2, 8], [0, 5, 3], [6, 7, 4]] => 24 => 10
[[1, 2, 8], [0, 7, 4], [6, 5, 3]] => 24 => 12
[[1, 2, 8], [3, 7, 5], [4, 0, 6]] => 24 => 14
TOOK PREV LEVEL
[[1, 2, 8], [4, 5, 6], [7, 0, 3]] => 24 => 12
TOOK PREV LEVEL
[[1, 2, 8], [5, 0, 3], [6, 7, 4]] => 24 => 11
TOOK PREV LEVEL
[[1, 2, 8], [5, 4, 3], [7, 6, 0]] => 24 => 13
TOOK PREV LEVEL
[[1, 2, 8], [6, 3, 4], [7, 0, 5]] => 24 => 10
[[1, 2, 8], [6, 0, 4], [7, 3, 5]] => 22 => 11
[[1, 2, 8], [0, 6, 4], [7, 3, 5]] => 24 => 12
TOOK PREV LEVEL
[[1, 2, 8], [6, 4, 0], [7, 3, 5]] => 24 => 12
TOOK PREV LEVEL
[[1, 2, 8], [6, 5, 0], [7, 4, 3]] => 24 => 10
[[1, 2, 8], [6, 0, 5], [7, 4, 3]] => 22 => 11
[[1, 2, 8], [0, 6, 5], [7, 4, 3]] => 24 => 12
TOOK PREV LEVEL
[[1, 2, 8], [6, 4, 5], [7, 0, 3]] => 24 => 12
TOOK PREV LEVEL
[[1, 2, 8], [6, 7, 3], [4, 0, 5]] => 24 => 12
TOOK PREV LEVEL
[[1, 2, 8], [6, 7, 3], [4, 5, 0]] => 24 => 13
TOOK PREV LEVEL
[[1, 2, 8], [7, 4, 5], [3, 0, 6]] => 24 => 14
[[1, 2, 8], [7, 0, 5], [3, 4, 6]] => 24 => 15
TOOK PREV LEVEL
[[1, 3, 0], [8, 5, 4], [7, 2, 6]] => 24 => 13
TOOK PREV LEVEL
[[1, 3, 4], [0, 2, 5], [8, 7, 6]] => 24 => 12
[[1, 3, 4], [2, 0, 5], [8, 7, 6]] => 22 => 13
[[1, 0, 4], [2, 3, 5], [8, 7, 6]] => 24 => 14
TOOK PREV LEVEL
[[1, 3, 4], [0, 8, 2], [7, 6, 5]] => 24 => 10
TOOK PREV LEVEL
[[1, 3, 4], [2, 7, 5], [8, 0, 6]] => 24 => 14
TOOK PREV LEVEL
TOOK PREV LEVEL
[[1, 3, 4], [8, 6, 0], [7, 5, 2]] => 24 => 12
[[1, 3, 4], [8, 0, 6], [7, 5, 2]] => 22 => 13
[[1, 0, 4], [8, 3, 6], [7, 5, 2]] => 24 => 14
[[1, 4, 0], [8, 5, 2], [7, 3, 6]] => 24 => 15
[[1, 0, 4], [8, 5, 2], [7, 3, 6]] => 24 => 16
TOOK PREV LEVEL
[[1, 4, 0], [8, 6, 2], [7, 5, 3]] => 24 => 13
[[1, 0, 4], [8, 6, 2], [7, 5, 3]] => 24 => 14
[[1, 4, 2], [0, 8, 5], [7, 3, 6]] => 24 => 14
TOOK PREV LEVEL
[[1, 4, 2], [7, 8, 3], [0, 6, 5]] => 24 => 11
[[1, 5, 2], [8, 4, 3], [0, 7, 6]] => 24 => 15
[[1, 5, 4], [8, 0, 2], [7, 3, 6]] => 24 => 17
TOOK PREV LEVEL
[[1, 6, 4], [8, 0, 2], [7, 5, 3]] => 24 => 15
TOOK PREV LEVEL
[[1, 8, 2], [0, 7, 3], [5, 4, 6]] => 24 => 14
TOOK PREV LEVEL
[[1, 8, 2], [0, 7, 3], [6, 5, 4]] => 24 => 12
TOOK PREV LEVEL
[[1, 8, 2], [7, 4, 3], [5, 0, 6]] => 24 => 14
[[1, 8, 2], [7, 4, 3], [0, 5, 6]] => 22 => 15
[[1, 8, 2], [0, 4, 3], [7, 5, 6]] => 22 => 16
[[1, 8, 2], [4, 0, 3], [7, 5, 6]] => 22 => 17
TOOK PREV LEVEL
TOOK PREV LEVEL
[[1, 8, 3], [4, 2, 5], [7, 6, 0]] => 24 => 11
[[1, 8, 3], [4, 2, 5], [7, 0, 6]] => 22 => 12
[[1, 8, 3], [4, 0, 5], [7, 2, 6]] => 22 => 13
[[1, 8, 3], [0, 4, 5], [7, 2, 6]] => 24 => 14
TOOK PREV LEVEL
[[1, 8, 3], [4, 2, 5], [0, 7, 6]] => 24 => 13
TOOK PREV LEVEL
[[1, 8, 3], [6, 2, 0], [7, 5, 4]] => 24 => 10
[[1, 8, 3], [6, 0, 2], [7, 5, 4]] => 24 => 11
[[1, 8, 5], [4, 2, 0], [7, 3, 6]] => 24 => 14
[[1, 8, 5], [4, 0, 2], [7, 3, 6]] => 24 => 15
TOOK PREV LEVEL
[[2, 0, 3], [4, 8, 5], [1, 7, 6]] => 24 => 8
[[0, 2, 3], [4, 8, 5], [1, 7, 6]] => 24 => 9
TOOK PREV LEVEL
[[2, 0, 8], [6, 4, 3], [1, 7, 5]] => 24 => 6
[[0, 2, 8], [6, 4, 3], [1, 7, 5]] => 24 => 7
[[2, 3, 0], [1, 5, 4], [7, 8, 6]] => 24 => 9
TOOK PREV LEVEL
[[2, 3, 4], [1, 6, 0], [7, 5, 8]] => 24 => 8
[[2, 3, 4], [1, 0, 6], [7, 5, 8]] => 22 => 9
[[2, 0, 4], [1, 3, 6], [7, 5, 8]] => 24 => 10
[[0, 2, 4], [1, 3, 6], [7, 5, 8]] => 24 => 11
TOOK PREV LEVEL
TOOK PREV LEVEL
[[2, 3, 4], [7, 1, 5], [0, 8, 6]] => 24 => 9
[[2, 3, 4], [8, 5, 0], [1, 7, 6]] => 24 => 10
TOOK PREV LEVEL
[[2, 3, 6], [1, 8, 4], [7, 5, 0]] => 24 => 7
[[2, 4, 0], [1, 5, 8], [7, 3, 6]] => 24 => 11
[[2, 0, 4], [1, 5, 8], [7, 3, 6]] => 24 => 12
[[0, 2, 4], [1, 5, 8], [7, 3, 6]] => 24 => 13
[[1, 2, 4], [0, 5, 8], [7, 3, 6]] => 22 => 14
[[1, 2, 4], [5, 0, 8], [7, 3, 6]] => 22 => 15
[[1, 2, 4], [5, 8, 0], [7, 3, 6]] => 24 => 16
TOOK PREV LEVEL
[[1, 2, 4], [7, 5, 8], [0, 3, 6]] => 24 => 15
TOOK PREV LEVEL
[[2, 4, 0], [1, 6, 8], [7, 5, 3]] => 24 => 9
[[2, 0, 4], [1, 6, 8], [7, 5, 3]] => 24 => 10
[[0, 2, 4], [1, 6, 8], [7, 5, 3]] => 24 => 11
[[1, 2, 4], [0, 6, 8], [7, 5, 3]] => 22 => 12
[[1, 2, 4], [6, 0, 8], [7, 5, 3]] => 22 => 13
[[1, 2, 4], [6, 8, 0], [7, 5, 3]] => 24 => 14
[[1, 2, 4], [6, 8, 3], [7, 5, 0]] => 24 => 15
TOOK PREV LEVEL
[[1, 2, 4], [7, 6, 8], [0, 5, 3]] => 24 => 13
TOOK PREV LEVEL
[[2, 4, 0], [8, 3, 5], [1, 7, 6]] => 24 => 11
TOOK PREV LEVEL
TOOK PREV LEVEL
[[2, 4, 8], [6, 0, 3], [1, 7, 5]] => 24 => 7
[[2, 5, 4], [1, 0, 8], [7, 3, 6]] => 24 => 13
TOOK PREV LEVEL
[[2, 5, 8], [0, 1, 3], [7, 4, 6]] => 24 => 10
[[2, 5, 8], [1, 4, 3], [0, 7, 6]] => 24 => 11
TOOK PREV LEVEL
[[2, 6, 0], [1, 3, 8], [7, 5, 4]] => 24 => 7
[[2, 6, 4], [1, 0, 8], [7, 5, 3]] => 24 => 11
TOOK PREV LEVEL
TOOK PREV LEVEL
[[2, 6, 8], [1, 3, 4], [7, 5, 0]] => 24 => 7
[[2, 6, 8], [1, 5, 3], [7, 4, 0]] => 24 => 7
[[2, 6, 8], [7, 1, 3], [0, 5, 4]] => 24 => 7
[[2, 8, 3], [0, 7, 5], [4, 1, 6]] => 24 => 10
TOOK PREV LEVEL
[[2, 8, 3], [4, 5, 0], [1, 7, 6]] => 24 => 8
[[2, 8, 0], [4, 5, 3], [1, 7, 6]] => 22 => 9
TOOK PREV LEVEL
[[2, 8, 3], [6, 4, 5], [1, 7, 0]] => 24 => 5
[[2, 8, 3], [6, 7, 0], [1, 5, 4]] => 24 => 6
[[2, 8, 0], [6, 7, 3], [1, 5, 4]] => 22 => 7
[[2, 8, 3], [6, 0, 7], [1, 5, 4]] => 24 => 7
TOOK PREV LEVEL
[[2, 8, 3], [6, 7, 4], [0, 1, 5]] => 24 => 5
TOOK PREV LEVEL
[[2, 8, 3], [7, 1, 0], [6, 5, 4]] => 24 => 6
[[2, 8, 0], [7, 1, 3], [6, 5, 4]] => 22 => 7
[[2, 8, 3], [7, 0, 1], [6, 5, 4]] => 24 => 7
[[2, 8, 4], [0, 3, 5], [7, 1, 6]] => 24 => 12
[[2, 8, 4], [3, 0, 5], [7, 1, 6]] => 24 => 13
TOOK PREV LEVEL
[[3, 0, 4], [2, 1, 5], [7, 8, 6]] => 24 => 10
[[3, 1, 4], [2, 0, 5], [7, 8, 6]] => 22 => 11
[[3, 1, 4], [2, 8, 5], [7, 0, 6]] => 24 => 12
TOOK PREV LEVEL
[[6, 0, 8], [2, 1, 3], [7, 5, 4]] => 24 => 8
[[6, 1, 8], [2, 0, 3], [7, 5, 4]] => 22 => 9
[[6, 8, 0], [2, 1, 3], [7, 5, 4]] => 23 => 9
[[8, 0, 1], [2, 5, 3], [7, 4, 6]] => 24 => 12
TOOK PREV LEVEL
[[8, 0, 1], [2, 6, 3], [7, 5, 4]] => 24 => 10
TOOK PREV LEVEL
TOOK PREV LEVEL
[[8, 1, 3], [2, 5, 6], [7, 0, 4]] => 24 => 8
TOOK PREV LEVEL
[[8, 1, 3], [2, 6, 4], [0, 7, 5]] => 24 => 7
TOOK PREV LEVEL
[[8, 1, 3], [7, 2, 4], [0, 6, 5]] => 24 => 7
[[8, 2, 4], [0, 3, 5], [1, 7, 6]] => 24 => 12
[[8, 2, 4], [1, 3, 5], [0, 7, 6]] => 23 => 13
[[8, 2, 4], [1, 3, 5], [7, 0, 6]] => 23 => 14
[[8, 2, 4], [1, 0, 5], [7, 3, 6]] => 21 => 15
TOOK PREV LEVEL
[[8, 2, 4], [3, 0, 5], [1, 7, 6]] => 24 => 13
TOOK PREV LEVEL
[[8, 3, 0], [2, 6, 4], [1, 7, 5]] => 24 => 5
[[8, 3, 4], [0, 2, 5], [7, 1, 6]] => 24 => 10
[[0, 3, 4], [8, 2, 5], [7, 1, 6]] => 24 => 11
TOOK PREV LEVEL
[[8, 3, 4], [2, 5, 0], [7, 1, 6]] => 24 => 10
TOOK PREV LEVEL
[[8, 3, 4], [2, 6, 0], [1, 7, 5]] => 24 => 6
[[8, 3, 4], [2, 0, 6], [1, 7, 5]] => 22 => 7
[[8, 0, 4], [2, 3, 6], [1, 7, 5]] => 24 => 8
TOOK PREV LEVEL
[[8, 3, 4], [2, 7, 6], [1, 0, 5]] => 24 => 8
[[8, 3, 4], [2, 7, 6], [1, 5, 0]] => 24 => 9
[[8, 3, 4], [2, 7, 0], [1, 5, 6]] => 22 => 10
[[8, 3, 4], [2, 0, 7], [1, 5, 6]] => 22 => 11
[[8, 0, 4], [2, 3, 7], [1, 5, 6]] => 24 => 12
TOOK PREV LEVEL
[[8, 3, 0], [2, 7, 4], [1, 5, 6]] => 24 => 11
TOOK PREV LEVEL
TOOK PREV LEVEL
[[8, 4, 0], [2, 3, 5], [7, 1, 6]] => 24 => 11
TOOK PREV LEVEL
[[8, 4, 3], [2, 7, 5], [1, 0, 6]] => 24 => 10
[[8, 5, 1], [2, 0, 3], [7, 4, 6]] => 24 => 13
TOOK PREV LEVEL
[[8, 6, 1], [2, 0, 3], [7, 5, 4]] => 24 => 11
[[0, 1, 2], [8, 4, 5], [7, 3, 6]] => 25 => 15
TOOK PREV LEVEL
[[0, 1, 4], [8, 3, 2], [7, 6, 5]] => 25 => 11
TOOK PREV LEVEL
[[0, 1, 8], [6, 2, 3], [7, 5, 4]] => 25 => 9
[[0, 2, 4], [1, 7, 5], [8, 3, 6]] => 25 => 15
TOOK PREV LEVEL
TOOK PREV LEVEL
[[0, 5, 8], [2, 1, 3], [7, 4, 6]] => 25 => 11
TOOK PREV LEVEL
[[0, 8, 1], [2, 5, 3], [7, 4, 6]] => 25 => 13
TOOK PREV LEVEL
[[0, 8, 1], [2, 6, 3], [7, 5, 4]] => 25 => 11
[[0, 8, 3], [2, 7, 5], [4, 1, 6]] => 25 => 11
TOOK PREV LEVEL
[[0, 8, 4], [2, 3, 6], [1, 7, 5]] => 25 => 9
[[0, 8, 4], [2, 3, 7], [1, 5, 6]] => 25 => 13
TOOK PREV LEVEL
[[1, 0, 2], [4, 3, 8], [7, 6, 5]] => 25 => 10
TOOK PREV LEVEL
[[1, 0, 2], [7, 4, 3], [6, 8, 5]] => 25 => 10
TOOK PREV LEVEL
[[1, 0, 3], [4, 2, 5], [8, 7, 6]] => 25 => 12
[[1, 0, 3], [8, 5, 4], [7, 2, 6]] => 25 => 14
[[1, 0, 5], [8, 3, 2], [7, 4, 6]] => 25 => 14
TOOK PREV LEVEL
[[1, 0, 8], [7, 2, 3], [5, 6, 4]] => 25 => 10
[[1, 8, 0], [7, 2, 3], [5, 6, 4]] => 24 => 11
TOOK PREV LEVEL
[[1, 0, 8], [7, 2, 3], [6, 4, 5]] => 25 => 10
[[1, 8, 0], [7, 2, 3], [6, 4, 5]] => 24 => 11
[[1, 2, 0], [6, 4, 8], [7, 3, 5]] => 25 => 13
TOOK PREV LEVEL
[[1, 2, 0], [6, 5, 8], [7, 4, 3]] => 25 => 11
[[1, 2, 0], [7, 5, 4], [8, 3, 6]] => 25 => 15
TOOK PREV LEVEL
[[1, 2, 3], [0, 7, 6], [5, 8, 4]] => 25 => 10
TOOK PREV LEVEL
[[1, 2, 3], [5, 7, 8], [0, 4, 6]] => 25 => 13
TOOK PREV LEVEL
[[1, 2, 3], [6, 4, 0], [8, 7, 5]] => 25 => 10
[[1, 2, 0], [6, 4, 3], [8, 7, 5]] => 23 => 11
TOOK PREV LEVEL
[[1, 2, 3], [6, 7, 4], [8, 0, 5]] => 25 => 10
TOOK PREV LEVEL
[[1, 2, 3], [6, 7, 4], [8, 5, 0]] => 25 => 11
[[1, 2, 3], [6, 7, 8], [0, 5, 4]] => 25 => 11
TOOK PREV LEVEL
[[1, 2, 3], [7, 4, 5], [6, 0, 8]] => 25 => 10
[[1, 2, 3], [7, 4, 5], [0, 6, 8]] => 24 => 11
[[1, 2, 3], [0, 4, 5], [7, 6, 8]] => 24 => 12
[[1, 2, 3], [4, 0, 5], [7, 6, 8]] => 24 => 13
TOOK PREV LEVEL
[[1, 2, 3], [7, 0, 5], [6, 4, 8]] => 25 => 11
TOOK PREV LEVEL
[[1, 2, 4], [3, 6, 8], [0, 7, 5]] => 25 => 11
[[1, 2, 4], [6, 7, 8], [0, 3, 5]] => 25 => 13
TOOK PREV LEVEL
[[1, 2, 4], [7, 3, 0], [6, 5, 8]] => 25 => 12
[[1, 2, 4], [7, 0, 3], [6, 5, 8]] => 22 => 13
[[1, 2, 4], [0, 7, 3], [6, 5, 8]] => 24 => 14
[[1, 2, 4], [6, 7, 3], [0, 5, 8]] => 25 => 15
TOOK PREV LEVEL
[[1, 2, 4], [7, 3, 5], [8, 6, 0]] => 25 => 13
TOOK PREV LEVEL
[[1, 2, 4], [7, 8, 5], [6, 3, 0]] => 25 => 13
TOOK PREV LEVEL
[[1, 2, 8], [3, 7, 5], [0, 4, 6]] => 25 => 15
TOOK PREV LEVEL
[[1, 2, 8], [4, 5, 6], [7, 3, 0]] => 25 => 13
TOOK PREV LEVEL
[[1, 2, 8], [4, 7, 3], [5, 0, 6]] => 25 => 16
TOOK PREV LEVEL
TOOK PREV LEVEL
TOOK PREV LEVEL
[[1, 2, 8], [6, 4, 5], [7, 3, 0]] => 25 => 13
TOOK PREV LEVEL
[[1, 2, 8], [6, 7, 4], [0, 5, 3]] => 25 => 13
TOOK PREV LEVEL
[[1, 2, 8], [7, 3, 0], [5, 6, 4]] => 25 => 10
TOOK PREV LEVEL
[[1, 2, 8], [7, 3, 0], [6, 4, 5]] => 25 => 10
[[1, 2, 8], [7, 5, 3], [4, 6, 0]] => 25 => 13
TOOK PREV LEVEL
[[1, 2, 8], [7, 6, 0], [5, 4, 3]] => 25 => 10
[[1, 2, 8], [7, 0, 6], [5, 4, 3]] => 23 => 11
[[1, 2, 8], [0, 7, 6], [5, 4, 3]] => 25 => 12
TOOK PREV LEVEL
[[1, 2, 8], [7, 4, 6], [5, 0, 3]] => 25 => 12
TOOK PREV LEVEL
[[1, 3, 2], [4, 0, 8], [7, 6, 5]] => 25 => 11
[[1, 3, 4], [2, 7, 5], [0, 8, 6]] => 25 => 15
TOOK PREV LEVEL
[[1, 3, 4], [7, 8, 5], [0, 2, 6]] => 25 => 13
TOOK PREV LEVEL
[[1, 3, 4], [8, 6, 2], [0, 7, 5]] => 25 => 11
TOOK PREV LEVEL
[[1, 3, 5], [8, 4, 2], [7, 0, 6]] => 25 => 14
TOOK PREV LEVEL
[[1, 3, 6], [8, 2, 0], [7, 5, 4]] => 25 => 12
[[1, 3, 6], [8, 0, 2], [7, 5, 4]] => 25 => 13
[[1, 4, 0], [3, 2, 5], [7, 8, 6]] => 25 => 13
TOOK PREV LEVEL
[[1, 4, 2], [7, 0, 3], [6, 8, 5]] => 25 => 11
TOOK PREV LEVEL
[[1, 4, 5], [8, 3, 0], [7, 2, 6]] => 25 => 14
[[1, 4, 5], [8, 0, 3], [7, 2, 6]] => 22 => 15
[[1, 0, 5], [8, 4, 3], [7, 2, 6]] => 24 => 16
TOOK PREV LEVEL
TOOK PREV LEVEL
[[1, 4, 5], [8, 2, 3], [7, 0, 6]] => 24 => 16
[[1, 5, 0], [8, 4, 3], [7, 2, 6]] => 25 => 17
TOOK PREV LEVEL
[[1, 5, 2], [0, 8, 3], [7, 4, 6]] => 25 => 14
TOOK PREV LEVEL
[[1, 5, 2], [8, 3, 0], [7, 4, 6]] => 25 => 14
[[1, 5, 3], [8, 0, 4], [7, 2, 6]] => 25 => 15
TOOK PREV LEVEL
[[1, 6, 2], [0, 8, 3], [7, 5, 4]] => 25 => 12
TOOK PREV LEVEL
[[1, 6, 2], [8, 3, 0], [7, 5, 4]] => 25 => 12
TOOK PREV LEVEL
[[1, 6, 2], [8, 5, 3], [7, 0, 4]] => 25 => 12
[[1, 8, 2], [5, 7, 3], [0, 4, 6]] => 25 => 15
TOOK PREV LEVEL
[[1, 8, 2], [6, 7, 3], [0, 5, 4]] => 25 => 13
[[1, 8, 3], [0, 2, 5], [4, 7, 6]] => 25 => 14
[[1, 8, 3], [2, 0, 5], [4, 7, 6]] => 23 => 15
TOOK PREV LEVEL
[[1, 8, 3], [0, 4, 2], [7, 6, 5]] => 25 => 12
[[1, 8, 3], [2, 7, 5], [4, 0, 6]] => 25 => 16
TOOK PREV LEVEL
TOOK PREV LEVEL
TOOK PREV LEVEL
[[1, 8, 3], [6, 2, 4], [7, 5, 0]] => 25 => 11
TOOK PREV LEVEL
[[2, 0, 3], [1, 5, 4], [7, 8, 6]] => 25 => 10
[[0, 2, 3], [1, 5, 4], [7, 8, 6]] => 25 => 11
[[1, 2, 3], [0, 5, 4], [7, 8, 6]] => 23 => 12
[[1, 2, 3], [5, 0, 4], [7, 8, 6]] => 23 => 13
[[1, 2, 3], [5, 4, 0], [7, 8, 6]] => 25 => 14
[[1, 2, 0], [5, 4, 3], [7, 8, 6]] => 23 => 15
TOOK PREV LEVEL
[[1, 2, 3], [5, 8, 4], [7, 0, 6]] => 25 => 14
TOOK PREV LEVEL
[[1, 2, 3], [7, 5, 4], [0, 8, 6]] => 25 => 13
TOOK PREV LEVEL
[[2, 0, 3], [6, 8, 4], [1, 7, 5]] => 25 => 4
[[0, 2, 3], [6, 8, 4], [1, 7, 5]] => 25 => 5
[[2, 0, 5], [1, 3, 8], [7, 4, 6]] => 25 => 10
[[0, 2, 5], [1, 3, 8], [7, 4, 6]] => 25 => 11
[[1, 2, 5], [0, 3, 8], [7, 4, 6]] => 23 => 12
[[1, 2, 5], [3, 0, 8], [7, 4, 6]] => 23 => 13
[[1, 2, 5], [3, 4, 8], [7, 0, 6]] => 25 => 14
TOOK PREV LEVEL
[[1, 2, 5], [3, 8, 0], [7, 4, 6]] => 25 => 14
[[1, 2, 0], [3, 8, 5], [7, 4, 6]] => 24 => 15
TOOK PREV LEVEL
[[1, 2, 5], [7, 3, 8], [0, 4, 6]] => 25 => 13
TOOK PREV LEVEL
[[2, 0, 6], [1, 3, 8], [7, 5, 4]] => 25 => 8
[[0, 2, 6], [1, 3, 8], [7, 5, 4]] => 25 => 9
[[1, 2, 6], [0, 3, 8], [7, 5, 4]] => 23 => 10
[[1, 2, 6], [3, 0, 8], [7, 5, 4]] => 23 => 11
[[1, 2, 6], [3, 8, 0], [7, 5, 4]] => 25 => 12
[[1, 2, 0], [3, 8, 6], [7, 5, 4]] => 24 => 13
TOOK PREV LEVEL
[[1, 2, 6], [7, 3, 8], [0, 5, 4]] => 25 => 11
TOOK PREV LEVEL
TOOK PREV LEVEL
TOOK PREV LEVEL
[[2, 0, 8], [4, 5, 3], [1, 7, 6]] => 25 => 10
[[0, 2, 8], [4, 5, 3], [1, 7, 6]] => 25 => 11
TOOK PREV LEVEL
[[2, 0, 8], [6, 7, 3], [1, 5, 4]] => 25 => 8
[[0, 2, 8], [6, 7, 3], [1, 5, 4]] => 25 => 9
TOOK PREV LEVEL
[[2, 0, 8], [7, 1, 3], [6, 5, 4]] => 25 => 8
[[2, 1, 8], [7, 0, 3], [6, 5, 4]] => 23 => 9
[[0, 2, 8], [7, 1, 3], [6, 5, 4]] => 25 => 9
[[2, 1, 8], [0, 7, 3], [6, 5, 4]] => 25 => 10
TOOK PREV LEVEL
[[2, 3, 0], [4, 8, 5], [1, 7, 6]] => 25 => 9
TOOK PREV LEVEL
TOOK PREV LEVEL
[[2, 3, 4], [1, 6, 8], [0, 7, 5]] => 25 => 7
[[2, 3, 4], [7, 1, 5], [8, 0, 6]] => 25 => 10
[[2, 3, 4], [7, 0, 5], [8, 1, 6]] => 25 => 11
TOOK PREV LEVEL
[[2, 3, 4], [7, 1, 8], [0, 6, 5]] => 25 => 7
TOOK PREV LEVEL
[[2, 3, 5], [1, 4, 8], [7, 0, 6]] => 25 => 10
TOOK PREV LEVEL
TOOK PREV LEVEL
TOOK PREV LEVEL
[[2, 4, 5], [1, 3, 0], [7, 8, 6]] => 25 => 10
[[2, 4, 5], [1, 0, 3], [7, 8, 6]] => 22 => 11
[[2, 0, 5], [1, 4, 3], [7, 8, 6]] => 24 => 12
[[0, 2, 5], [1, 4, 3], [7, 8, 6]] => 24 => 13
[[1, 2, 5], [0, 4, 3], [7, 8, 6]] => 22 => 14
[[1, 2, 5], [4, 0, 3], [7, 8, 6]] => 22 => 15
[[1, 2, 5], [4, 8, 3], [7, 0, 6]] => 24 => 16
TOOK PREV LEVEL
[[1, 2, 5], [7, 4, 3], [0, 8, 6]] => 24 => 15
TOOK PREV LEVEL
TOOK PREV LEVEL
[[2, 4, 5], [1, 8, 3], [7, 0, 6]] => 24 => 12
[[1, 2, 5], [7, 4, 3], [8, 0, 6]] => 25 => 16
[[1, 2, 5], [7, 0, 3], [8, 4, 6]] => 25 => 17
TOOK PREV LEVEL
TOOK PREV LEVEL
[[2, 4, 8], [0, 1, 6], [7, 5, 3]] => 25 => 10
TOOK PREV LEVEL
TOOK PREV LEVEL
[[2, 4, 8], [7, 1, 5], [0, 3, 6]] => 25 => 11
[[2, 5, 0], [1, 4, 3], [7, 8, 6]] => 25 => 13
TOOK PREV LEVEL
[[2, 5, 3], [1, 0, 4], [7, 8, 6]] => 25 => 11
TOOK PREV LEVEL
[[2, 5, 8], [1, 3, 0], [7, 4, 6]] => 25 => 10
[[2, 5, 8], [4, 0, 3], [1, 7, 6]] => 25 => 11
TOOK PREV LEVEL
TOOK PREV LEVEL
[[2, 6, 8], [1, 5, 3], [0, 7, 4]] => 25 => 7
[[2, 7, 8], [6, 0, 3], [1, 5, 4]] => 25 => 9
TOOK PREV LEVEL
[[2, 8, 1], [7, 4, 3], [0, 6, 5]] => 25 => 11
TOOK PREV LEVEL
[[2, 8, 3], [0, 5, 6], [1, 7, 4]] => 25 => 6
TOOK PREV LEVEL
[[2, 8, 3], [0, 7, 4], [6, 1, 5]] => 25 => 6
TOOK PREV LEVEL
[[2, 8, 3], [5, 0, 6], [1, 7, 4]] => 25 => 7
TOOK PREV LEVEL
[[2, 8, 3], [6, 4, 5], [1, 0, 7]] => 25 => 6
[[2, 8, 3], [6, 0, 5], [1, 4, 7]] => 25 => 7
TOOK PREV LEVEL
TOOK PREV LEVEL
TOOK PREV LEVEL
[[2, 8, 3], [7, 1, 6], [5, 0, 4]] => 25 => 6
[[2, 8, 3], [7, 0, 6], [5, 1, 4]] => 25 => 7
TOOK PREV LEVEL
[[2, 8, 3], [7, 4, 0], [6, 1, 5]] => 25 => 6
[[2, 8, 0], [7, 4, 3], [6, 1, 5]] => 23 => 7
[[2, 8, 4], [0, 3, 1], [7, 6, 5]] => 25 => 10
[[2, 8, 4], [3, 0, 1], [7, 6, 5]] => 25 => 11
TOOK PREV LEVEL
[[2, 8, 6], [1, 4, 0], [7, 5, 3]] => 25 => 12
[[2, 8, 6], [1, 0, 4], [7, 5, 3]] => 25 => 13
[[2, 8, 6], [1, 4, 3], [7, 5, 0]] => 25 => 13
TOOK PREV LEVEL
[[3, 0, 4], [2, 1, 8], [7, 6, 5]] => 25 => 8
[[3, 1, 4], [2, 0, 8], [7, 6, 5]] => 23 => 9
[[3, 0, 4], [2, 8, 5], [1, 7, 6]] => 25 => 10
[[3, 8, 4], [2, 0, 5], [1, 7, 6]] => 23 => 11
[[3, 0, 4], [8, 2, 5], [7, 1, 6]] => 25 => 12
[[3, 2, 4], [8, 0, 5], [7, 1, 6]] => 22 => 13
[[3, 2, 4], [8, 1, 5], [7, 0, 6]] => 24 => 14
TOOK PREV LEVEL
[[3, 1, 4], [2, 8, 0], [7, 6, 5]] => 25 => 10
[[3, 8, 4], [2, 7, 5], [1, 0, 6]] => 25 => 12
TOOK PREV LEVEL
[[4, 0, 8], [2, 1, 5], [7, 3, 6]] => 25 => 12
[[4, 1, 8], [2, 0, 5], [7, 3, 6]] => 23 => 13
[[4, 8, 0], [2, 1, 5], [7, 3, 6]] => 24 => 13
TOOK PREV LEVEL
[[4, 1, 8], [0, 2, 3], [7, 6, 5]] => 25 => 10
TOOK PREV LEVEL
[[4, 1, 8], [2, 6, 3], [7, 0, 5]] => 25 => 10
[[4, 1, 8], [2, 6, 3], [7, 5, 0]] => 25 => 11
TOOK PREV LEVEL
[[4, 2, 3], [0, 8, 5], [1, 7, 6]] => 25 => 10
[[4, 2, 3], [8, 0, 5], [1, 7, 6]] => 22 => 11
[[4, 2, 3], [1, 8, 5], [0, 7, 6]] => 24 => 11
[[4, 2, 3], [1, 8, 5], [7, 0, 6]] => 24 => 12
[[4, 2, 3], [1, 0, 5], [7, 8, 6]] => 24 => 13
TOOK PREV LEVEL
[[4, 2, 3], [8, 7, 5], [1, 0, 6]] => 24 => 12
[[4, 2, 3], [8, 7, 5], [0, 1, 6]] => 25 => 13
TOOK PREV LEVEL
[[6, 2, 8], [0, 4, 3], [1, 7, 5]] => 25 => 8
[[6, 2, 8], [1, 4, 3], [0, 7, 5]] => 24 => 9
[[6, 2, 8], [1, 4, 3], [7, 0, 5]] => 24 => 10
[[6, 2, 8], [1, 0, 3], [7, 4, 5]] => 24 => 11
[[6, 2, 8], [1, 4, 3], [7, 5, 0]] => 24 => 11
TOOK PREV LEVEL
[[6, 2, 8], [4, 0, 3], [1, 7, 5]] => 25 => 9
TOOK PREV LEVEL
[[8, 0, 3], [2, 7, 4], [1, 5, 6]] => 25 => 12
TOOK PREV LEVEL
TOOK PREV LEVEL
[[8, 1, 2], [7, 4, 3], [0, 6, 5]] => 25 => 11
TOOK PREV LEVEL
TOOK PREV LEVEL
[[8, 1, 3], [2, 5, 6], [7, 4, 0]] => 25 => 9
[[8, 1, 3], [7, 2, 5], [0, 4, 6]] => 25 => 11
TOOK PREV LEVEL
[[8, 1, 3], [7, 2, 6], [0, 5, 4]] => 25 => 9
[[8, 2, 4], [0, 1, 5], [7, 3, 6]] => 25 => 16
[[0, 2, 4], [8, 1, 5], [7, 3, 6]] => 25 => 17
TOOK PREV LEVEL
[[8, 2, 4], [1, 5, 0], [7, 3, 6]] => 25 => 16
TOOK PREV LEVEL
[[8, 3, 4], [0, 1, 5], [2, 7, 6]] => 25 => 10
[[8, 3, 4], [1, 0, 5], [2, 7, 6]] => 23 => 11
[[0, 3, 4], [8, 1, 5], [2, 7, 6]] => 25 => 11
[[8, 0, 4], [1, 3, 5], [2, 7, 6]] => 25 => 12
TOOK PREV LEVEL
[[8, 3, 4], [0, 2, 1], [7, 6, 5]] => 25 => 8
[[0, 3, 4], [8, 2, 1], [7, 6, 5]] => 25 => 9
TOOK PREV LEVEL
[[8, 3, 4], [1, 7, 5], [2, 0, 6]] => 25 => 12
TOOK PREV LEVEL
[[8, 3, 4], [2, 6, 1], [7, 0, 5]] => 25 => 8
[[8, 3, 4], [2, 6, 1], [7, 5, 0]] => 25 => 9
TOOK PREV LEVEL
[[8, 3, 4], [2, 6, 5], [1, 7, 0]] => 25 => 7
[[8, 3, 4], [2, 7, 6], [0, 1, 5]] => 25 => 9
[[8, 3, 5], [2, 1, 0], [7, 4, 6]] => 25 => 10
[[8, 3, 5], [2, 0, 1], [7, 4, 6]] => 25 => 11
TOOK PREV LEVEL
[[8, 3, 6], [2, 1, 0], [7, 5, 4]] => 25 => 8
[[8, 3, 6], [2, 0, 1], [7, 5, 4]] => 25 => 9
[[8, 4, 0], [2, 3, 1], [7, 6, 5]] => 25 => 9
[[8, 4, 1], [0, 2, 3], [7, 6, 5]] => 25 => 10
[[0, 4, 1], [8, 2, 3], [7, 6, 5]] => 25 => 11
TOOK PREV LEVEL
[[8, 4, 1], [2, 6, 3], [7, 0, 5]] => 25 => 10
[[8, 4, 1], [2, 6, 3], [7, 5, 0]] => 25 => 11
[[8, 4, 3], [2, 7, 5], [0, 1, 6]] => 25 => 11
TOOK PREV LEVEL
[[8, 6, 3], [2, 4, 0], [1, 7, 5]] => 25 => 6
[[8, 6, 0], [2, 4, 3], [1, 7, 5]] => 23 => 7
[[8, 0, 6], [2, 4, 3], [1, 7, 5]] => 24 => 8
[[8, 4, 6], [2, 0, 3], [1, 7, 5]] => 24 => 9
[[0, 8, 6], [2, 4, 3], [1, 7, 5]] => 25 => 9
TOOK PREV LEVEL
TOOK PREV LEVEL
[[8, 6, 3], [2, 7, 4], [1, 0, 5]] => 25 => 6
[[8, 6, 3], [2, 7, 4], [1, 5, 0]] => 25 => 7
[[8, 7, 3], [2, 0, 4], [1, 5, 6]] => 25 => 13
TOOK PREV LEVEL
[[0, 1, 8], [2, 7, 3], [6, 5, 4]] => 26 => 11
[[1, 0, 8], [2, 7, 3], [6, 5, 4]] => 24 => 12
[[1, 8, 0], [2, 7, 3], [6, 5, 4]] => 23 => 13
[[1, 7, 8], [2, 0, 3], [6, 5, 4]] => 24 => 13
TOOK PREV LEVEL
[[0, 1, 8], [4, 2, 5], [7, 3, 6]] => 26 => 13
[[0, 2, 3], [1, 4, 8], [7, 5, 6]] => 26 => 15
TOOK PREV LEVEL
TOOK PREV LEVEL
TOOK PREV LEVEL
[[0, 2, 8], [1, 3, 5], [4, 7, 6]] => 26 => 13
TOOK PREV LEVEL
[[0, 2, 8], [1, 6, 3], [4, 7, 5]] => 26 => 11
TOOK PREV LEVEL
[[0, 2, 8], [1, 7, 3], [5, 6, 4]] => 26 => 11
TOOK PREV LEVEL
[[0, 2, 8], [1, 7, 3], [6, 4, 5]] => 26 => 11
TOOK PREV LEVEL
TOOK PREV LEVEL
[[0, 4, 2], [1, 8, 3], [7, 6, 5]] => 26 => 11
TOOK PREV LEVEL
[[0, 4, 8], [2, 1, 6], [7, 5, 3]] => 26 => 11
[[0, 8, 2], [1, 4, 3], [7, 5, 6]] => 26 => 17
TOOK PREV LEVEL
[[0, 8, 3], [2, 5, 6], [1, 7, 4]] => 26 => 7
[[0, 8, 3], [2, 7, 4], [1, 5, 6]] => 26 => 13
TOOK PREV LEVEL
[[0, 8, 3], [2, 7, 4], [6, 1, 5]] => 26 => 7
[[0, 8, 4], [1, 3, 5], [2, 7, 6]] => 26 => 13
[[1, 8, 4], [0, 3, 5], [2, 7, 6]] => 24 => 14
[[1, 8, 4], [2, 3, 5], [0, 7, 6]] => 23 => 15
[[1, 8, 4], [2, 3, 5], [7, 0, 6]] => 23 => 16
[[1, 8, 4], [2, 0, 5], [7, 3, 6]] => 21 => 17
TOOK PREV LEVEL
[[1, 8, 4], [3, 0, 5], [2, 7, 6]] => 24 => 15
[[1, 0, 4], [2, 8, 5], [7, 3, 6]] => 25 => 18
TOOK PREV LEVEL
[[1, 8, 4], [0, 2, 5], [7, 3, 6]] => 25 => 18
TOOK PREV LEVEL
[[1, 8, 4], [2, 5, 0], [7, 3, 6]] => 25 => 18
TOOK PREV LEVEL
[[1, 0, 2], [4, 5, 3], [8, 7, 6]] => 26 => 14
TOOK PREV LEVEL
[[1, 0, 2], [4, 5, 8], [7, 3, 6]] => 26 => 14
TOOK PREV LEVEL
[[1, 0, 2], [4, 6, 8], [7, 5, 3]] => 26 => 12
[[1, 0, 2], [4, 8, 3], [7, 5, 6]] => 26 => 18
TOOK PREV LEVEL
TOOK PREV LEVEL
[[1, 0, 2], [6, 3, 8], [7, 5, 4]] => 26 => 10
TOOK PREV LEVEL
[[1, 0, 3], [4, 8, 5], [7, 2, 6]] => 26 => 14
TOOK PREV LEVEL
[[1, 0, 3], [7, 2, 4], [6, 8, 5]] => 26 => 8
TOOK PREV LEVEL
TOOK PREV LEVEL
TOOK PREV LEVEL
[[1, 2, 0], [3, 6, 4], [7, 5, 8]] => 26 => 13
[[1, 2, 0], [5, 8, 4], [7, 3, 6]] => 26 => 17
TOOK PREV LEVEL
[[1, 2, 0], [6, 8, 4], [7, 5, 3]] => 26 => 15
TOOK PREV LEVEL
[[1, 2, 0], [7, 3, 8], [5, 6, 4]] => 26 => 11
[[1, 2, 0], [7, 3, 8], [6, 4, 5]] => 26 => 11
[[1, 2, 0], [7, 6, 8], [5, 4, 3]] => 26 => 11
[[1, 2, 0], [7, 8, 4], [6, 3, 5]] => 26 => 13
TOOK PREV LEVEL
TOOK PREV LEVEL
[[1, 2, 3], [4, 7, 5], [8, 6, 0]] => 26 => 13
TOOK PREV LEVEL
[[1, 2, 3], [5, 7, 6], [0, 8, 4]] => 26 => 11
[[1, 2, 3], [5, 7, 8], [4, 0, 6]] => 26 => 14
[[1, 2, 3], [5, 0, 8], [4, 7, 6]] => 26 => 15
TOOK PREV LEVEL
[[1, 2, 3], [6, 4, 5], [8, 7, 0]] => 26 => 11
[[1, 2, 3], [6, 7, 0], [8, 5, 4]] => 26 => 12
[[1, 2, 0], [6, 7, 3], [8, 5, 4]] => 24 => 13
[[1, 2, 3], [6, 0, 7], [8, 5, 4]] => 26 => 13
TOOK PREV LEVEL
TOOK PREV LEVEL
[[1, 2, 3], [7, 5, 0], [4, 8, 6]] => 26 => 14
[[1, 2, 0], [7, 5, 3], [4, 8, 6]] => 24 => 15
TOOK PREV LEVEL
[[1, 2, 3], [7, 5, 4], [8, 0, 6]] => 26 => 14
[[1, 2, 3], [7, 0, 4], [8, 5, 6]] => 23 => 15
[[1, 2, 3], [0, 7, 4], [8, 5, 6]] => 25 => 16
[[1, 2, 3], [8, 7, 4], [0, 5, 6]] => 23 => 17
TOOK PREV LEVEL
[[1, 2, 3], [7, 4, 0], [8, 5, 6]] => 25 => 16
[[1, 2, 0], [7, 4, 3], [8, 5, 6]] => 23 => 17
TOOK PREV LEVEL
[[1, 2, 3], [7, 8, 5], [4, 6, 0]] => 26 => 13
TOOK PREV LEVEL
[[1, 2, 4], [0, 6, 8], [3, 7, 5]] => 26 => 12
TOOK PREV LEVEL
TOOK PREV LEVEL
[[1, 2, 4], [3, 5, 6], [7, 8, 0]] => 26 => 13
[[1, 2, 4], [5, 3, 8], [7, 0, 6]] => 26 => 16
TOOK PREV LEVEL
[[1, 2, 4], [6, 0, 8], [3, 7, 5]] => 26 => 13
[[1, 2, 4], [6, 8, 3], [7, 0, 5]] => 26 => 16
[[1, 2, 4], [6, 0, 3], [7, 8, 5]] => 26 => 17
TOOK PREV LEVEL
[[1, 2, 4], [7, 3, 0], [8, 6, 5]] => 26 => 14
[[1, 2, 4], [7, 0, 3], [8, 6, 5]] => 23 => 15
[[1, 2, 4], [0, 7, 3], [8, 6, 5]] => 25 => 16
[[1, 2, 4], [8, 7, 3], [0, 6, 5]] => 23 => 17
TOOK PREV LEVEL
[[1, 2, 4], [7, 3, 6], [0, 5, 8]] => 26 => 15
TOOK PREV LEVEL
[[1, 2, 4], [7, 8, 5], [6, 0, 3]] => 26 => 14
[[1, 2, 4], [7, 8, 5], [0, 6, 3]] => 25 => 15
[[1, 2, 4], [0, 8, 5], [7, 6, 3]] => 25 => 16
[[1, 2, 4], [8, 0, 5], [7, 6, 3]] => 22 => 17
TOOK PREV LEVEL
[[1, 2, 4], [7, 0, 5], [6, 8, 3]] => 26 => 15
[[1, 2, 4], [8, 5, 0], [3, 7, 6]] => 26 => 18
TOOK PREV LEVEL
[[1, 2, 4], [8, 5, 0], [7, 6, 3]] => 26 => 18
[[1, 2, 4], [8, 5, 3], [7, 6, 0]] => 26 => 19
[[1, 2, 4], [8, 5, 3], [7, 0, 6]] => 24 => 20
[[1, 2, 4], [8, 0, 3], [7, 5, 6]] => 21
success
